{
"lowlevel": {
    "average_loudness": 0.49314430356,
    "barkbands_crest": {
        "dmean": 2.19463062286,
        "dmean2": 3.49780130386,
        "dvar": 5.34478378296,
        "dvar2": 12.2422475815,
        "max": 26.6038246155,
        "mean": 11.9662008286,
        "median": 11.4103841782,
        "min": 2.89472293854,
        "var": 24.9459075928
    },
    "barkbands_flatness_db": {
        "dmean": 0.0314936004579,
        "dmean2": 0.0445943810046,
        "dvar": 0.00105429289397,
        "dvar2": 0.00182832416613,
        "max": 0.723975539207,
        "mean": 0.278712749481,
        "median": 0.227098688483,
        "min": 0.0412518046796,
        "var": 0.0227283425629
    },
    "barkbands_kurtosis": {
        "dmean": 13.735458374,
        "dmean2": 22.4271335602,
        "dvar": 1223.11364746,
        "dvar2": 3132.99194336,
        "max": 592.871276855,
        "mean": 22.2399139404,
        "median": 3.68811798096,
        "min": -1.93822598457,
        "var": 2084.13623047
    },
    "barkbands_skewness": {
        "dmean": 1.03547799587,
        "dmean2": 1.60185241699,
        "dvar": 1.99960911274,
        "dvar2": 4.8180398941,
        "max": 22.1948699951,
        "mean": 2.44635438919,
        "median": 1.45357346535,
        "min": -6.63992643356,
        "var": 10.5500955582
    },
    "barkbands_spread": {
        "dmean": 7.49177026749,
        "dmean2": 11.5512714386,
        "dvar": 126.261817932,
        "dvar2": 265.268920898,
        "max": 106.667671204,
        "mean": 17.3163032532,
        "median": 9.70950031281,
        "min": 0.212634772062,
        "var": 354.685119629
    },
    "dissonance": {
        "dmean": 0.0343120545149,
        "dmean2": 0.0554320290685,
        "dvar": 0.00144622765947,
        "dvar2": 0.00368939572945,
        "max": 0.499999970198,
        "mean": 0.406019598246,
        "median": 0.4352388978,
        "min": 0.027017602697,
        "var": 0.00783360470086
    },
    "dynamic_complexity": 5.03347063065,
    "erbbands_crest": {
        "dmean": 2.69173741341,
        "dmean2": 4.1374874115,
        "dvar": 6.49225234985,
        "dvar2": 14.0581884384,
        "max": 32.8803939819,
        "mean": 10.7468519211,
        "median": 9.6369562149,
        "min": 2.90464425087,
        "var": 24.2980518341
    },
    "erbbands_flatness_db": {
        "dmean": 0.0213112365454,
        "dmean2": 0.0310347583145,
        "dvar": 0.000495228508953,
        "dvar2": 0.000918246165384,
        "max": 0.592819750309,
        "mean": 0.227160736918,
        "median": 0.183226615191,
        "min": 0.0606062933803,
        "var": 0.0159054491669
    },
    "erbbands_kurtosis": {
        "dmean": 1.91209363937,
        "dmean2": 2.93281960487,
        "dvar": 10.9644088745,
        "dvar2": 23.4418640137,
        "max": 49.4243736267,
        "mean": 1.68687033653,
        "median": 0.331993341446,
        "min": -1.90891838074,
        "var": 20.0723648071
    },
    "erbbands_skewness": {
        "dmean": 0.601323962212,
        "dmean2": 0.867934525013,
        "dvar": 0.484552592039,
        "dvar2": 0.910149097443,
        "max": 4.78635931015,
        "mean": 0.279444277287,
        "median": 0.335883647203,
        "min": -5.90851974487,
        "var": 1.43149209023
    },
    "erbbands_spread": {
        "dmean": 15.1191415787,
        "dmean2": 23.3170967102,
        "dvar": 399.993469238,
        "dvar2": 869.590942383,
        "max": 200.581298828,
        "mean": 45.5883750916,
        "median": 39.8410606384,
        "min": 0.62299233675,
        "var": 1316.48913574
    },
    "hfc": {
        "dmean": 16.9638710022,
        "dmean2": 25.6479454041,
        "dvar": 807.450439453,
        "dvar2": 1619.83435059,
        "max": 306.81137085,
        "mean": 31.9284381866,
        "median": 19.1796798706,
        "min": 2.39660149504e-08,
        "var": 1511.39831543
    },
    "melbands_crest": {
        "dmean": 2.59759473801,
        "dmean2": 4.01839447021,
        "dvar": 8.56180286407,
        "dvar2": 18.6575031281,
        "max": 38.0029792786,
        "mean": 18.8294830322,
        "median": 15.0106859207,
        "min": 2.12878465652,
        "var": 111.547966003
    },
    "melbands_flatness_db": {
        "dmean": 0.036940895021,
        "dmean2": 0.0505186505616,
        "dvar": 0.00150999962352,
        "dvar2": 0.00248687691055,
        "max": 0.874711334705,
        "mean": 0.338676780462,
        "median": 0.27781099081,
        "min": 0.0168951749802,
        "var": 0.0416725985706
    },
    "melbands_kurtosis": {
        "dmean": 37.3267059326,
        "dmean2": 60.9864845276,
        "dvar": 11525.9345703,
        "dvar2": 31372.5332031,
        "max": 2198.40039062,
        "mean": 69.3727416992,
        "median": 8.89244556427,
        "min": -1.93143343925,
        "var": 23497.6816406
    },
    "melbands_skewness": {
        "dmean": 1.3631592989,
        "dmean2": 2.11287331581,
        "dvar": 4.56738710403,
        "dvar2": 11.1437921524,
        "max": 36.1786384583,
        "mean": 4.53281164169,
        "median": 2.40962934494,
        "min": -5.54565811157,
        "var": 26.7760257721
    },
    "melbands_spread": {
        "dmean": 12.5381889343,
        "dmean2": 19.4720573425,
        "dvar": 662.608947754,
        "dvar2": 1410.71533203,
        "max": 265.855987549,
        "mean": 26.7838115692,
        "median": 8.07142829895,
        "min": 0.134960323572,
        "var": 1828.65637207
    },
    "pitch_salience": {
        "dmean": 0.0633465945721,
        "dmean2": 0.0968770235777,
        "dvar": 0.00464664213359,
        "dvar2": 0.00993919651955,
        "max": 0.912737488747,
        "mean": 0.480900347233,
        "median": 0.532568216324,
        "min": 0.0595872029662,
        "var": 0.0458774901927
    },
    "silence_rate_20dB": {
        "dmean": 0.0283724535257,
        "dmean2": 0.0567522235215,
        "dvar": 0.0275694653392,
        "dvar2": 0.0669509246945,
        "max": 1,
        "mean": 0.774597048759,
        "median": 1,
        "min": 0,
        "var": 0.174584195018
    },
    "silence_rate_30dB": {
        "dmean": 0.00954346172512,
        "dmean2": 0.0190893840045,
        "dvar": 0.00945269782096,
        "dvar2": 0.0187260657549,
        "max": 1,
        "mean": 0.698903918266,
        "median": 1,
        "min": 0,
        "var": 0.210447132587
    },
    "silence_rate_60dB": {
        "dmean": 0.0376579836011,
        "dmean2": 0.075196698308,
        "dvar": 0.0362399443984,
        "dvar2": 0.0806366950274,
        "max": 1,
        "mean": 0.165957450867,
        "median": 0,
        "min": 0,
        "var": 0.138403087854
    },
    "spectral_centroid": {
        "dmean": 401.965942383,
        "dmean2": 581.920471191,
        "dvar": 323128.6875,
        "dvar2": 573751.5,
        "max": 6389.65332031,
        "mean": 1401.26391602,
        "median": 1041.30749512,
        "min": 119.176452637,
        "var": 1353645.125
    },
    "spectral_complexity": {
        "dmean": 3.3100335598,
        "dmean2": 4.84406042099,
        "dvar": 32.6987915039,
        "dvar2": 55.4017677307,
        "max": 61,
        "mean": 12.1049642563,
        "median": 10,
        "min": 0,
        "var": 96.9804153442
    },
    "spectral_decrease": {
        "dmean": 8.02850230741e-09,
        "dmean2": 1.31629764866e-08,
        "dvar": 4.63476576403e-16,
        "dvar2": 1.18123011423e-15,
        "max": -5.15080445712e-18,
        "mean": -3.60020280255e-08,
        "median": -3.40315442493e-09,
        "min": -2.96347252515e-07,
        "var": 3.11132946867e-15
    },
    "spectral_energy": {
        "dmean": 0.03110797517,
        "dmean2": 0.0508586466312,
        "dvar": 0.00663889665157,
        "dvar2": 0.0168791525066,
        "max": 1.12702965736,
        "mean": 0.138776183128,
        "median": 0.0152042340487,
        "min": 2.16141219506e-11,
        "var": 0.0450055412948
    },
    "spectral_energyband_high": {
        "dmean": 0.00202098768204,
        "dmean2": 0.00309507083148,
        "dvar": 1.19259866551e-05,
        "dvar2": 2.43737395067e-05,
        "max": 0.038413297385,
        "mean": 0.0026908821892,
        "median": 0.000759820628446,
        "min": 1.11685649878e-12,
        "var": 1.83445008588e-05
    },
    "spectral_energyband_low": {
        "dmean": 0.0274967718869,
        "dmean2": 0.0439923293889,
        "dvar": 0.00662918109447,
        "dvar2": 0.0167052671313,
        "max": 1.09255945683,
        "mean": 0.120227344334,
        "median": 0.000327980000293,
        "min": 1.79278130969e-12,
        "var": 0.039698831737
    },
    "spectral_energyband_middle_high": {
        "dmean": 0.00137730652932,
        "dmean2": 0.00201995973475,
        "dvar": 6.67101721774e-06,
        "dvar2": 1.38577470352e-05,
        "max": 0.0366526953876,
        "mean": 0.00296753062867,
        "median": 0.00139753124677,
        "min": 2.85561765206e-12,
        "var": 1.60980125656e-05
    },
    "spectral_energyband_middle_low": {
        "dmean": 0.00365303480066,
        "dmean2": 0.005468623247,
        "dvar": 8.54824538692e-05,
        "dvar2": 0.000192835039343,
        "max": 0.13129851222,
        "mean": 0.00882514379919,
        "median": 0.0063409274444,
        "min": 1.33112227838e-11,
        "var": 0.00011966333841
    },
    "spectral_entropy": {
        "dmean": 0.282216370106,
        "dmean2": 0.379309862852,
        "dvar": 0.109674163163,
        "dvar2": 0.16836501658,
        "max": 8.87476825714,
        "mean": 6.98716640472,
        "median": 7.37774610519,
        "min": 3.34330368042,
        "var": 1.68501245975
    },
    "spectral_flux": {
        "dmean": 0.0369884334505,
        "dmean2": 0.057103138417,
        "dvar": 0.00350184715353,
        "dvar2": 0.00911801122129,
        "max": 0.769677579403,
        "mean": 0.0980324819684,
        "median": 0.0649097412825,
        "min": 6.6169683123e-05,
        "var": 0.0121510289609
    },
    "spectral_kurtosis": {
        "dmean": 22.2537097931,
        "dmean2": 38.5274391174,
        "dvar": 4378.99951172,
        "dvar2": 13255.1054688,
        "max": 1084.2232666,
        "mean": 66.2301101685,
        "median": 1.8729801178,
        "min": -1.43993520737,
        "var": 23775.796875
    },
    "spectral_rms": {
        "dmean": 0.00105923402589,
        "dmean2": 0.00163876172155,
        "dvar": 4.06378603657e-06,
        "dvar2": 9.06668537937e-06,
        "max": 0.0331593304873,
        "mean": 0.00814450532198,
        "median": 0.00385141512379,
        "min": 1.45213462588e-07,
        "var": 6.90585657139e-05
    },
    "spectral_rolloff": {
        "dmean": 828.504455566,
        "dmean2": 1390.24707031,
        "dvar": 3134971.75,
        "dvar2": 5952673,
        "max": 14534.9121094,
        "mean": 2029.22705078,
        "median": 559.86328125,
        "min": 43.06640625,
        "var": 8616098
    },
    "spectral_skewness": {
        "dmean": 0.687837183475,
        "dmean2": 1.09739303589,
        "dvar": 1.46317660809,
        "dvar2": 4.17965316772,
        "max": 27.6994037628,
        "mean": 3.79708361626,
        "median": 1.1727694273,
        "min": -0.283638894558,
        "var": 34.7258338928
    },
    "spectral_spread": {
        "dmean": 949517.5,
        "dmean2": 1390265.125,
        "dvar": 1.43309288243e+12,
        "dvar2": 2.34768564224e+12,
        "max": 20290062,
        "mean": 5479503,
        "median": 5674594.5,
        "min": 98141.34375,
        "var": 9.47570134221e+12
    },
    "spectral_strongpeak": {
        "dmean": 0.500732600689,
        "dmean2": 0.837012588978,
        "dvar": 0.771860539913,
        "dvar2": 2.03617787361,
        "max": 14.7651338577,
        "mean": 0.93442440033,
        "median": 0.780390739441,
        "min": 0,
        "var": 0.966136038303
    },
    "zerocrossingrate": {
        "dmean": 0.0196523442864,
        "dmean2": 0.0220594424754,
        "dvar": 0.000758321781177,
        "dvar2": 0.000875017256476,
        "max": 0.4443359375,
        "mean": 0.0703796222806,
        "median": 0.0390625,
        "min": 0.0009765625,
        "var": 0.00623751245439
    },
    "barkbands": {
        "dmean": [0.00899246614426, 0.0267182663083, 0.00206643762067, 0.000797018525191, 0.00164933886845, 0.000929408881348, 0.000952552363742, 0.000403971498599, 0.000323670712532, 0.000462673662696, 0.000223448267207, 0.000398231350118, 0.000256724510109, 0.000158325216034, 0.000147123850184, 6.85478953528e-05, 0.000121123674035, 0.000119834381621, 0.000142799224705, 0.000270526303211, 0.000287092552753, 0.000301919993944, 0.000804934068583, 0.00040020205779, 0.000189773243619, 7.45166471461e-05, 3.70879843103e-06],
        "dmean2": [0.0141261406243, 0.0428740605712, 0.0031140439678, 0.00132175046019, 0.00261746789329, 0.00145919306669, 0.00147658446804, 0.00059930619318, 0.000461285177153, 0.000618295685854, 0.000316744786687, 0.000555964070372, 0.00039011973422, 0.000249566306593, 0.000219951354666, 0.000107902640593, 0.000196233464521, 0.000186215766007, 0.000225187177421, 0.00041328734369, 0.000440687144874, 0.000454124179669, 0.00128684414085, 0.000629642512649, 0.000279926956864, 0.000108826505311, 5.95709479967e-06],
        "dvar": [0.000501441245433, 0.0067521170713, 6.74843759043e-05, 1.32670875246e-05, 2.34600811382e-05, 4.58032627648e-06, 3.99914324589e-06, 1.03631805359e-06, 5.47125750927e-07, 1.06219511053e-06, 4.78968956941e-07, 1.09139398319e-06, 6.04079730238e-07, 2.58089386307e-07, 1.7004157371e-07, 4.33748681417e-08, 1.44311883332e-07, 1.39576854963e-07, 2.02949266281e-07, 3.04956586206e-07, 4.65246529302e-07, 4.62567953718e-07, 1.74385706941e-06, 4.04261356834e-07, 1.57754186603e-07, 4.26804724896e-08, 2.40207520541e-10],
        "dvar2": [0.00127493834589, 0.0170040298253, 0.000141355092637, 3.5186731111e-05, 5.82226457482e-05, 9.9662820503e-06, 9.45638930716e-06, 2.34027493207e-06, 1.18572052088e-06, 1.85656358553e-06, 1.0401685131e-06, 2.32409661294e-06, 1.40332952014e-06, 6.32419983049e-07, 3.6897702671e-07, 9.51572118879e-08, 3.48455557742e-07, 3.08552898787e-07, 4.79601055758e-07, 6.91611376169e-07, 1.08837298285e-06, 9.40777908909e-07, 3.68884502677e-06, 8.29278462788e-07, 3.13430575716e-07, 8.62571951643e-08, 5.51770906743e-10],
        "max": [0.344350218773, 1.0570397377, 0.113396644592, 0.0607065930963, 0.0819187536836, 0.037935487926, 0.0319103077054, 0.0187071952969, 0.019947277382, 0.0240899436176, 0.0177869070321, 0.0187520179898, 0.0127202523872, 0.00742119178176, 0.00938457157463, 0.00394611526281, 0.00540439086035, 0.0064955400303, 0.00517867924646, 0.00628293352202, 0.0101414499804, 0.0104563254863, 0.011132218875, 0.00606797588989, 0.00552790239453, 0.00305862142704, 0.00024509432842],
        "mean": [0.0399421229959, 0.0807025432587, 0.00384146417491, 0.00106956344098, 0.00258759805001, 0.00167360319756, 0.0017073698109, 0.00068026012741, 0.000689536274876, 0.00101397535764, 0.000306279951474, 0.000578946433961, 0.00031364444294, 0.000162509240909, 0.000189472091733, 8.44241512823e-05, 0.000131907407194, 0.000130472224555, 0.000149387677084, 0.000411620130762, 0.0004446459061, 0.000385629828088, 0.000788880046457, 0.000455843168311, 0.000242128953687, 8.86092238943e-05, 3.18018146572e-06],
        "median": [3.33042947886e-07, 3.31935661961e-05, 0.000128875719383, 0.000396704330342, 0.00139613309875, 0.000479946291307, 0.000700065284036, 0.000109619002615, 0.000169156148331, 0.00020365655655, 2.59879634541e-05, 6.24529711786e-05, 2.6581410566e-05, 1.03743677755e-05, 1.49161069203e-05, 6.52815742797e-06, 1.30984908537e-05, 1.2990221876e-05, 1.54722056322e-05, 8.71433585417e-05, 0.000121181052236, 9.49178502196e-05, 8.45795948408e-05, 5.08478406118e-05, 3.20383333019e-05, 7.48770889913e-06, 7.11080687665e-08],
        "min": [5.42552548027e-13, 8.18950701524e-13, 6.50779560449e-13, 6.23708333244e-13, 2.92929114125e-12, 2.65003990974e-12, 2.19936937586e-12, 2.0194399538e-12, 1.85100936315e-12, 1.14687296118e-12, 4.89416612705e-13, 2.45897676136e-13, 3.59116355359e-14, 1.35162361989e-13, 2.90876020102e-13, 2.60860343743e-13, 1.18036412892e-13, 9.77772957001e-14, 1.96114486955e-13, 7.28546929274e-14, 1.37701590582e-13, 1.33866659077e-13, 7.58555205953e-14, 9.13926866044e-14, 2.00385064444e-13, 2.82832432605e-13, 1.74633365494e-13],
        "var": [0.00603722035885, 0.0214367639273, 0.00010605139687, 1.0362096873e-05, 2.49138138315e-05, 7.73635929363e-06, 7.13579038347e-06, 1.96935889107e-06, 1.48678782352e-06, 3.92859283238e-06, 8.04026058177e-07, 2.16658918362e-06, 8.52450682487e-07, 2.80266078789e-07, 2.6892570304e-07, 6.07666805763e-08, 1.50327920778e-07, 1.64788829693e-07, 2.1608860834e-07, 5.63553953725e-07, 7.10315305241e-07, 6.54433165437e-07, 2.04398656933e-06, 6.60037017042e-07, 2.92520383027e-07, 6.59559660221e-08, 2.2690507806e-10]
    },
    "erbbands": {
        "dmean": [1.18012857437, 5.14963293076, 3.78050017357, 1.88240432739, 5.08203363419, 5.17849588394, 3.96324253082, 8.33772373199, 16.1193656921, 7.57707881927, 10.3918294907, 7.33165550232, 12.0749921799, 13.1871366501, 10.5671243668, 15.5052337646, 12.8210554123, 8.61789417267, 7.06508636475, 5.80978536606, 4.32429933548, 6.71797323227, 6.2160115242, 5.95122337341, 8.8221282959, 12.9028806686, 14.9639120102, 8.52766227722, 9.7383928299, 17.0203094482, 22.356672287, 12.6683712006, 4.92958688736, 2.66954016685, 1.06947314739, 0.399238616228, 0.12372712791, 0.0207028798759, 0.00051012361655, 4.93588086101e-05],
        "dmean2": [1.9688013792, 7.70096302032, 4.87575054169, 2.91599941254, 8.25203609467, 8.49280357361, 6.53385782242, 13.0645980835, 24.6419200897, 11.8165035248, 14.9384365082, 10.2579927444, 16.381986618, 17.5999526978, 15.1244726181, 21.3235225677, 19.1689929962, 13.1598930359, 10.3380327225, 8.6656703949, 6.5310049057, 10.8183250427, 9.73997497559, 9.03664398193, 13.9587268829, 19.9631881714, 22.925283432, 12.846616745, 14.6202192307, 26.4343738556, 35.7979774475, 20.170999527, 7.59225320816, 3.99759197235, 1.57554996014, 0.582967698574, 0.182696610689, 0.0312030743808, 0.000773691688664, 7.80148329795e-05],
        "dvar": [10.5263261795, 346.552398682, 195.672210693, 63.7465286255, 250.708847046, 246.164154053, 240.529525757, 340.183166504, 1059.52429199, 572.695983887, 684.821777344, 341.810546875, 758.477600098, 1194.6640625, 749.862792969, 1748.78588867, 1484.77160645, 643.677124023, 450.149932861, 284.177703857, 152.465438843, 476.329742432, 359.126159668, 378.903076172, 665.411499023, 722.09979248, 1202.62915039, 440.064300537, 449.907104492, 1062.41931152, 1340.51330566, 428.906066895, 73.0702056885, 29.3822975159, 5.55468797684, 1.04204010963, 0.1209660694, 0.00566749554127, 3.7168383642e-06, 1.03047161915e-08],
        "dvar2": [32.246509552, 728.01776123, 321.972259521, 153.394454956, 662.428894043, 618.248596191, 526.077209473, 758.814025879, 2479.63085938, 1364.33862305, 1503.33520508, 759.223327637, 1365.52124023, 2149.66430664, 1718.58947754, 3486.19506836, 3441.1784668, 1513.09643555, 921.877258301, 652.154663086, 306.582885742, 1132.85229492, 817.022949219, 839.640441895, 1618.24816895, 1699.26623535, 2828.59155273, 942.280700684, 906.036010742, 2190.54760742, 2853.67822266, 917.089111328, 150.236572266, 61.3312301636, 10.7639026642, 2.03911232948, 0.250404566526, 0.012279859744, 8.33245667309e-06, 2.40682762609e-08],
        "max": [32.3346443176, 258.62890625, 194.62348938, 143.390640259, 225.158752441, 326.747741699, 270.039459229, 281.981536865, 597.085754395, 530.461791992, 506.957641602, 604.817260742, 951.63458252, 794.923095703, 601.039916992, 927.28717041, 651.936706543, 397.393463135, 645.369567871, 315.108215332, 209.523544312, 315.211212158, 323.037994385, 361.093322754, 368.364349365, 312.731323242, 497.479736328, 308.724273682, 351.280487061, 378.664123535, 251.861373901, 151.615478516, 125.715637207, 75.7165603638, 34.0265312195, 16.6884632111, 5.63621520996, 0.927819490433, 0.0268861502409, 0.00132528808899],
        "mean": [4.63069343567, 9.12280750275, 7.08674001694, 3.54526185989, 7.90202236176, 7.61492300034, 5.65690898895, 14.840511322, 31.3358039856, 11.9765758514, 19.4759845734, 16.3608989716, 27.0332546234, 26.0802383423, 15.5039634705, 24.2590293884, 16.6839542389, 10.2273426056, 9.20400047302, 7.32965517044, 5.67069244385, 7.41224956512, 6.95872879028, 6.44817686081, 10.0155248642, 19.3440990448, 24.1979293823, 12.6498212814, 12.8781681061, 18.828502655, 21.5873374939, 12.6113920212, 6.28627252579, 3.44315075874, 1.32264947891, 0.493926972151, 0.143215954304, 0.0204580631107, 0.000556416402105, 0.000174436499947],
        "median": [0.000703663215972, 0.0093698464334, 0.123896807432, 0.899385392666, 4.59827899933, 3.35922646523, 1.85890185833, 4.46038770676, 13.4919519424, 4.264087677, 5.60898733139, 5.42761898041, 7.1096572876, 5.21315097809, 2.69113063812, 3.17028999329, 1.91342926025, 0.898044466972, 0.677984118462, 0.568571567535, 0.550608515739, 0.813440740108, 0.832220971584, 0.814580082893, 1.45907878876, 4.21604681015, 5.99765491486, 3.78005194664, 3.3876042366, 3.19469952583, 1.96885597706, 1.0441890955, 0.833087086678, 0.487318187952, 0.146300137043, 0.0441142693162, 0.0116299111396, 0.0010936538456, 9.04244734556e-05, 2.80200438283e-05],
        "min": [2.97075627986e-11, 1.89931334549e-10, 6.06865890873e-10, 1.12642462025e-09, 4.26111235186e-09, 1.02592672135e-08, 1.6112634782e-08, 2.30785808242e-08, 3.03173273153e-08, 3.70446748832e-08, 4.24132764465e-08, 4.11958041013e-08, 3.94542176707e-08, 3.22371640493e-08, 1.98169818333e-08, 7.91035326131e-09, 2.51558307518e-09, 4.09954470371e-09, 1.08538982246e-08, 1.76790049267e-08, 1.31407347226e-08, 6.42359143654e-09, 4.14783229985e-09, 9.98960381082e-09, 8.23852808196e-09, 2.78953860011e-09, 6.09235595306e-09, 4.33039337722e-09, 4.69583616436e-09, 3.15212544955e-09, 2.29156915665e-09, 1.65493330151e-09, 1.88472393248e-09, 2.26774798939e-09, 1.49986201237e-09, 6.0303234628e-10, 7.64774632511e-10, 1.66138089397e-10, 2.72712772503e-11, 2.22133856448e-12],
        "var": [57.9613037109, 705.788085938, 444.793304443, 73.0573196411, 234.883483887, 257.434326172, 251.219894409, 580.069763184, 2059.32543945, 794.51751709, 1408.05651855, 774.190246582, 2520.74780273, 3444.40307617, 1147.6472168, 4028.53442383, 2117.23901367, 853.563537598, 749.60748291, 382.272460938, 241.351226807, 498.068115234, 413.341003418, 454.542480469, 694.251708984, 1245.24938965, 1961.49365234, 657.453125, 663.620239258, 1408.12402344, 1545.7824707, 512.78729248, 158.233718872, 56.0698471069, 9.79803562164, 1.84562075138, 0.177101075649, 0.00602176366374, 3.78106915377e-06, 6.07809553799e-08]
    },
    "gfcc": {
        "mean": [-88.0884246826, 94.161239624, -70.3920440674, 15.8708839417, -89.0054931641, 10.5148868561, -31.4253158569, -2.07899141312, -27.1264381409, 0.127627685666, -14.652089119, -4.32108974457, -7.45360517502],
        "cov": [[32587.6582031, -12737.2197266, -6885.71142578, 5355.19628906, -1131.84082031, 2320.64233398, 26.4031982422, 1633.91345215, -587.23046875, 1144.87548828, -490.818847656, 935.942993164, -309.034484863], [-12737.2197266, 8884.07910156, 3717.51000977, -2515.19995117, 1888.56726074, -621.106445312, 929.535705566, -566.801452637, 801.829650879, -341.749938965, 610.293457031, -456.312896729, 466.925445557], [-6885.71142578, 3717.51000977, 3833.37768555, -335.743103027, 1039.23254395, 118.911445618, 672.839172363, 17.9893054962, 591.575500488, -109.62940979, 483.442596436, -32.0902862549, 209.728393555], [5355.19628906, -2515.19995117, -335.743103027, 1986.94519043, 133.667282104, 574.8359375, 193.242401123, 474.087310791, 58.4329376221, 284.374450684, 11.3034410477, 229.071395874, 23.6113967896], [-1131.84082031, 1888.56726074, 1039.23254395, 133.667282104, 1278.20837402, 238.717208862, 484.311279297, 130.690322876, 455.224487305, 126.892997742, 265.599060059, -30.966003418, 192.359313965], [2320.64233398, -621.106445312, 118.911445618, 574.8359375, 238.717208862, 588.313293457, 279.581970215, 249.975219727, 147.652496338, 146.388381958, 108.59186554, 129.299179077, 30.7993946075], [26.4031982422, 929.535705566, 672.839172363, 193.242401123, 484.311279297, 279.581970215, 627.514709473, 184.35597229, 205.683624268, 84.2691497803, 199.495376587, 71.9725646973, 156.022964478], [1633.91345215, -566.801452637, 17.9893054962, 474.087310791, 130.690322876, 249.975219727, 184.35597229, 291.794555664, 82.8435211182, 86.2397766113, 40.5470123291, 114.431625366, 43.2144126892], [-587.23046875, 801.829650879, 591.575500488, 58.4329376221, 455.224487305, 147.652496338, 205.683624268, 82.8435211182, 334.309295654, 60.7989692688, 122.043418884, 13.5060319901, 105.732673645], [1144.87548828, -341.749938965, -109.62940979, 284.374450684, 126.892997742, 146.388381958, 84.2691497803, 86.2397766113, 60.7989692688, 200.84614563, 39.7361412048, 34.5674972534, 20.9168014526], [-490.818847656, 610.293457031, 483.442596436, 11.3034410477, 265.599060059, 108.59186554, 199.495376587, 40.5470123291, 122.043418884, 39.7361412048, 219.132949829, 32.259185791, 43.3715286255], [935.942993164, -456.312896729, -32.0902862549, 229.071395874, -30.966003418, 129.299179077, 71.9725646973, 114.431625366, 13.5060319901, 34.5674972534, 32.259185791, 175.836151123, 32.1355819702], [-309.034484863, 466.925445557, 209.728393555, 23.6113967896, 192.359313965, 30.7993946075, 156.022964478, 43.2144126892, 105.732673645, 20.9168014526, 43.3715286255, 32.1355819702, 161.808486938]],
        "icov": [[0.000200310954824, 1.23854924823e-05, 0.000327447749441, -0.000245072529651, 3.20181461575e-05, -0.000406094331993, -8.04340234026e-05, -0.000255726918112, 1.36104072226e-05, -0.000172467218363, -3.6973076476e-06, -0.000152245047502, 0.000187886675121], [1.23854924823e-05, 0.00151736929547, -0.000470772880362, 0.00117669650353, -0.00112074497156, 0.00100137258414, -0.00146540044807, 0.00130329316016, -0.000793428509496, 0.000951208698098, -0.000931812042836, 0.00135967088863, -0.00133457325865], [0.000327447749441, -0.000470772880362, 0.00121730333194, -0.000826128409244, 0.000375961099053, -0.000855669204611, 2.07435405173e-05, -0.000661105383188, -0.000409246218624, 4.28108796768e-05, -0.00039152050158, -0.00061659613857, 0.000888392794877], [-0.000245072529651, 0.00117669650353, -0.000826128409244, 0.00227864272892, -0.00103515293449, 0.000815986597445, -0.000762422627304, 0.000132158049382, -0.000208566925721, 0.000154463137733, -0.000395761366235, 0.000982621102594, -0.00132293358911], [3.20181461575e-05, -0.00112074497156, 0.000375961099053, -0.00103515293449, 0.00282919430174, -0.000757641741075, 0.000486794539029, -0.00106430950109, -0.00121190061327, -0.00108218367677, -0.000128385072458, 0.000125788661535, 0.000495928572491], [-0.000406094331993, 0.00100137258414, -0.000855669204611, 0.000815986597445, -0.000757641741075, 0.00525997299701, -0.00191035144962, 0.000367164087947, -0.00172094278969, 0.000338408804964, -0.0010710391216, 0.00029413876473, 0.000277718179859], [-8.04340234026e-05, -0.00146540044807, 2.07435405173e-05, -0.000762422627304, 0.000486794539029, -0.00191035144962, 0.00541634997353, -0.0027341847308, 0.0018673595041, -0.001110918005, -0.000626753317192, -0.000901377643459, -0.00127773208078], [-0.000255726918112, 0.00130329316016, -0.000661105383188, 0.000132158049382, -0.00106430950109, 0.000367164087947, -0.0027341847308, 0.00987131614238, -0.00185287522618, 0.00128373352345, 0.00019970194262, -0.00128116004635, -0.000970504246652], [1.36104072226e-05, -0.000793428509496, -0.000409246218624, -0.000208566925721, -0.00121190061327, -0.00172094278969, 0.0018673595041, -0.00185287522618, 0.00816443096846, -0.00158272741828, 0.000279999774648, -0.000484732416226, -0.00177018472459], [-0.000172467218363, 0.000951208698098, 4.28108796768e-05, 0.000154463137733, -0.00108218367677, 0.000338408804964, -0.001110918005, 0.00128373352345, -0.00158272741828, 0.00845888722688, -0.00186909479089, 0.00136286928318, -0.00103076989762], [-3.6973076476e-06, -0.000931812042836, -0.00039152050158, -0.000395761366235, -0.000128385072458, -0.0010710391216, -0.000626753317192, 0.00019970194262, 0.000279999774648, -0.00186909479089, 0.00941100995988, -0.00285606645048, 0.00225788378157], [-0.000152245047502, 0.00135967088863, -0.00061659613857, 0.000982621102594, 0.000125788661535, 0.00029413876473, -0.000901377643459, -0.00128116004635, -0.000484732416226, 0.00136286928318, -0.00285606645048, 0.0106216408312, -0.00375609728508], [0.000187886675121, -0.00133457325865, 0.000888392794877, -0.00132293358911, 0.000495928572491, 0.000277718179859, -0.00127773208078, -0.000970504246652, -0.00177018472459, -0.00103076989762, 0.00225788378157, -0.00375609728508, 0.0117112109438]]
    },
    "melbands": {
        "dmean": [0.00845735426992, 0.00351118482649, 0.000407819490647, 0.000401392026106, 0.00014691647084, 0.000198443158297, 0.000230927980738, 7.50741746742e-05, 8.4806488303e-05, 4.47012243967e-05, 6.11756768194e-05, 5.54310536245e-05, 3.6474531953e-05, 4.49732906418e-05, 3.14721983159e-05, 2.41693560383e-05, 1.63252152561e-05, 1.12394918688e-05, 9.11446386453e-06, 6.04161596129e-06, 5.15518559041e-06, 7.81650214776e-06, 5.65685650145e-06, 5.94303628532e-06, 4.72519241157e-06, 5.70041038372e-06, 6.84318501953e-06, 9.66445622907e-06, 1.01492532849e-05, 7.67322944739e-06, 4.53134225609e-06, 4.81517918161e-06, 7.59690692576e-06, 1.17124509416e-05, 1.35114387376e-05, 1.22026713143e-05, 6.18383182882e-06, 3.71803594135e-06, 2.75805950878e-06, 2.16144553633e-06],
        "dmean2": [0.0141034368426, 0.00459472369403, 0.000629324524198, 0.000645337800961, 0.000240616675001, 0.000308935763314, 0.000352154602297, 0.000116993825941, 0.000121880788356, 6.27390109003e-05, 8.3606930275e-05, 7.40743926144e-05, 5.15814317623e-05, 6.31316215731e-05, 4.52283602499e-05, 3.68896362488e-05, 2.55756440311e-05, 1.65454894159e-05, 1.37509196065e-05, 9.22815888771e-06, 7.85882457421e-06, 1.2785679246e-05, 8.97985501069e-06, 9.30036276259e-06, 7.22873164705e-06, 9.05288561626e-06, 1.08313142846e-05, 1.502043051e-05, 1.55045891006e-05, 1.2003854863e-05, 6.84194765199e-06, 7.30508372726e-06, 1.15376951726e-05, 1.8475795514e-05, 2.17124834307e-05, 1.97067201952e-05, 9.79680680757e-06, 5.82103530178e-06, 4.15533713749e-06, 3.26808572026e-06],
        "dvar": [0.000602165819146, 0.000160148774739, 2.33014748119e-06, 1.35338393648e-06, 3.04771049287e-07, 1.87565390775e-07, 2.12319818615e-07, 5.18012228667e-08, 4.27650697077e-08, 1.16034399866e-08, 1.90579196868e-08, 2.25701199952e-08, 1.0502889225e-08, 1.51547485672e-08, 7.23181514672e-09, 4.96286300944e-09, 2.56545629185e-09, 1.14295051201e-09, 6.50072440322e-10, 3.17411014139e-10, 2.23703222613e-10, 7.41390004944e-10, 2.77415007632e-10, 3.63611835086e-10, 2.58507631967e-10, 3.215998301e-10, 2.99108654511e-10, 4.06160161059e-10, 5.01364949557e-10, 4.01086275303e-10, 1.16403484074e-10, 1.17542101052e-10, 2.96706215153e-10, 4.64763366681e-10, 4.96284902063e-10, 4.36771452339e-10, 9.88371537392e-11, 4.45951851835e-11, 3.41094374967e-11, 2.18258293383e-11],
        "dvar2": [0.00171019381378, 0.000266147544608, 5.52057963432e-06, 3.51534572474e-06, 6.64780884563e-07, 4.1331469447e-07, 4.91686307669e-07, 1.2490731649e-07, 9.6083404344e-08, 2.56171368562e-08, 3.4640574853e-08, 3.96149140158e-08, 2.30603340867e-08, 3.26179936394e-08, 1.61944075927e-08, 1.15834772885e-08, 6.18359763394e-09, 2.39841901895e-09, 1.46658163391e-09, 7.28176297038e-10, 4.57560073164e-10, 1.83459392122e-09, 6.49255371687e-10, 8.13828338053e-10, 5.82008607974e-10, 7.89256215938e-10, 7.3312123039e-10, 9.57566803628e-10, 1.13957276948e-09, 9.79175296401e-10, 2.38198988312e-10, 2.48135512138e-10, 6.00457739086e-10, 9.96620674876e-10, 1.05686448482e-09, 9.62693036399e-10, 2.10107958809e-10, 9.74998484726e-11, 7.31469537718e-11, 4.8108385331e-11],
        "max": [0.274244278669, 0.175702005625, 0.0248389970511, 0.0215093046427, 0.00884392019361, 0.00729130161926, 0.00785830896348, 0.00490959594026, 0.00399000104517, 0.00345755787566, 0.00470291776583, 0.00338537245989, 0.00249164248817, 0.00228773197159, 0.00138651905581, 0.00115673884284, 0.000901801511645, 0.00122125435155, 0.000410487496993, 0.000303069333313, 0.000276576989563, 0.00041284726467, 0.000477471679915, 0.000330169830704, 0.000319568905979, 0.000236098640016, 0.000250041426625, 0.000266595947323, 0.000369937100913, 0.000281082000583, 0.00017713791749, 0.00021594610007, 0.000211694801692, 0.000259689084487, 0.000157743343152, 0.000145941376104, 7.81649068813e-05, 0.00010878615285, 0.000143690194818, 8.20690911496e-05],
        "mean": [0.0330794304609, 0.00636017788202, 0.000737558875699, 0.000632090435829, 0.000202799754334, 0.000356951437425, 0.000456200126791, 0.000112717942102, 0.000159770410392, 9.84350845101e-05, 0.000134994508699, 0.000108445368824, 5.08412376803e-05, 6.4769454184e-05, 4.51730193163e-05, 2.95540030493e-05, 1.74335891643e-05, 1.3807661162e-05, 1.11917088361e-05, 7.6609721873e-06, 6.43180874249e-06, 8.01962778496e-06, 6.44977808406e-06, 6.25755365036e-06, 4.90805268782e-06, 5.98208816882e-06, 8.4411676653e-06, 1.41907794386e-05, 1.65722285601e-05, 1.06883308035e-05, 6.30372142041e-06, 6.44856891086e-06, 8.91588206287e-06, 1.21340972328e-05, 1.30280932353e-05, 1.12164552775e-05, 6.3103229877e-06, 4.48860373581e-06, 3.66180597666e-06, 2.64132108896e-06],
        "median": [8.67025846674e-06, 5.40721848665e-05, 0.000283899949864, 0.000341502396623, 7.18527589925e-05, 0.00010056328756, 0.000208004552405, 3.62144892279e-05, 4.29076535511e-05, 2.84173293039e-05, 3.2418884075e-05, 1.90940463654e-05, 6.53952974972e-06, 7.33996921554e-06, 5.20167759532e-06, 2.60966521637e-06, 1.15340969842e-06, 8.92013929388e-07, 8.69170150963e-07, 5.76022557652e-07, 5.35650087841e-07, 7.00906696238e-07, 7.52372102397e-07, 5.66615256048e-07, 5.01716840517e-07, 6.53510198845e-07, 1.36106382342e-06, 2.69781594398e-06, 3.53827977051e-06, 2.44985130848e-06, 1.65088113135e-06, 1.80994561561e-06, 1.51784604441e-06, 1.76376954641e-06, 1.18626655876e-06, 6.51549953545e-07, 5.78076424063e-07, 5.52076073745e-07, 4.85124644456e-07, 3.81623294743e-07],
        "min": [3.00391655994e-13, 2.85425681571e-13, 2.92304998565e-13, 6.03143186437e-13, 5.5192135584e-13, 5.21455979525e-13, 4.61419097375e-13, 4.20597936904e-13, 3.27375062822e-13, 2.65786931309e-13, 1.95157678537e-13, 1.3360985224e-13, 6.33176237136e-14, 3.43713467789e-14, 8.6156676208e-15, 4.04743047142e-15, 8.27638264454e-15, 1.64057644152e-14, 2.39859842329e-14, 2.21478092349e-14, 1.41509076524e-14, 7.41089284937e-15, 2.52072346422e-15, 5.02305614908e-15, 8.47614858889e-15, 7.52833396751e-15, 3.66650239087e-15, 1.36844567728e-15, 3.57266088119e-15, 3.89248019328e-15, 1.96675946979e-15, 2.38985623859e-15, 2.92358969811e-15, 1.24388884711e-15, 1.1464581412e-15, 1.44090468723e-15, 9.07499347106e-16, 1.44709649808e-15, 1.28281858724e-15, 2.05372921292e-15],
        "var": [0.00299276364967, 0.00038889379357, 2.63630454356e-06, 1.39557403145e-06, 3.19872356158e-07, 3.43557758242e-07, 4.27300619776e-07, 6.9014760129e-08, 8.53909227772e-08, 2.83595547046e-08, 6.31627727898e-08, 6.67449242542e-08, 1.721127596e-08, 2.84327068556e-08, 1.22628307508e-08, 6.95098023584e-09, 3.02100011673e-09, 1.8466476126e-09, 8.91086093802e-10, 4.25651042191e-10, 3.3430844204e-10, 6.93957669107e-10, 3.15892728642e-10, 4.21859935873e-10, 3.00825142574e-10, 3.23752885611e-10, 3.57358476144e-10, 7.18398729393e-10, 9.38216726531e-10, 5.03151464937e-10, 1.77473855056e-10, 1.68043037818e-10, 4.02608502093e-10, 5.70585911852e-10, 5.73814828986e-10, 4.62225674402e-10, 1.27486951551e-10, 8.60278931425e-11, 7.03648320166e-11, 3.54775341049e-11]
    },
    "mfcc": {
        "mean": [-719.691467285, 103.854125977, 53.8365707397, 14.9170627594, -21.3059272766, 0.257609218359, -3.89894104004, -5.24495315552, -3.97498345375, -3.24951124191, -9.04868412018, 0.120873332024, -1.41378808022],
        "cov": [[20914.1914062, -5431.38330078, -3354.83911133, -810.383178711, -655.910583496, 1070.43127441, 627.029663086, 510.317962646, 341.367218018, 421.48449707, -79.1165008545, 426.116210938, 308.892944336], [-5431.38330078, 4474.09667969, 1042.63757324, 399.69619751, 406.925048828, 112.037513733, 380.528961182, 124.581619263, 353.815216064, 69.377204895, 301.511627197, 134.708236694, 160.152420044], [-3354.83911133, 1042.63757324, 2061.09790039, 638.83795166, 516.760437012, 177.575592041, 241.929046631, 410.664550781, 134.36946106, 195.710144043, 254.027603149, 134.143508911, 118.745895386], [-810.383178711, 399.69619751, 638.83795166, 939.553588867, 589.717285156, 270.539489746, 261.265380859, 228.208618164, 260.75592041, 172.867141724, 211.197906494, 138.098205566, 132.717773438], [-655.910583496, 406.925048828, 516.760437012, 589.717285156, 810.761657715, 332.185058594, 183.92868042, 217.200668335, 179.650283813, 254.722671509, 240.996002197, 117.532447815, 94.2972488403], [1070.43127441, 112.037513733, 177.575592041, 270.539489746, 332.185058594, 494.356903076, 301.801147461, 232.835723877, 229.12689209, 206.830230713, 208.347610474, 155.151199341, 116.149147034], [627.029663086, 380.528961182, 241.929046631, 261.265380859, 183.92868042, 301.801147461, 470.506439209, 268.547546387, 197.419784546, 147.537139893, 195.115478516, 151.69732666, 130.971679688], [510.317962646, 124.581619263, 410.664550781, 228.208618164, 217.200668335, 232.835723877, 268.547546387, 417.491699219, 178.509979248, 136.968688965, 156.546401978, 127.972412109, 99.2120513916], [341.367218018, 353.815216064, 134.36946106, 260.75592041, 179.650283813, 229.12689209, 197.419784546, 178.509979248, 335.357086182, 127.651649475, 118.214408875, 97.7369232178, 86.0530319214], [421.48449707, 69.377204895, 195.710144043, 172.867141724, 254.722671509, 206.830230713, 147.537139893, 136.968688965, 127.651649475, 261.36630249, 139.573257446, 62.4381866455, 49.067073822], [-79.1165008545, 301.511627197, 254.027603149, 211.197906494, 240.996002197, 208.347610474, 195.115478516, 156.546401978, 118.214408875, 139.573257446, 241.475418091, 108.583694458, 64.2960510254], [426.116210938, 134.708236694, 134.143508911, 138.098205566, 117.532447815, 155.151199341, 151.69732666, 127.972412109, 97.7369232178, 62.4381866455, 108.583694458, 173.300109863, 96.9510498047], [308.892944336, 160.152420044, 118.745895386, 132.717773438, 94.2972488403, 116.149147034, 130.971679688, 99.2120513916, 86.0530319214, 49.067073822, 64.2960510254, 96.9510498047, 153.696655273]],
